line
0.0 0.0 -0.24999999999999997 0.21650635094610973
line
0.0 0.0 0.43301270189221935 0.125
line
-0.24999999999999997 0.21650635094610973 0.18301270189221938 0.3415063509461097
line
0.18301270189221938 0.3415063509461097 0.43301270189221935 0.125
line
0.18301270189221938 0.3415063509461097 0.18301270189221938 0.774519052838329
line
0.18301270189221938 0.3415063509461097 0.43301270189221935 0.125
line
0.18301270189221938 0.774519052838329 0.43301270189221935 0.5580127018922193
line
0.43301270189221935 0.5580127018922193 0.43301270189221935 0.125
line
0.0 0.4330127018922193 -0.24999999999999997 0.649519052838329
line
0.0 0.4330127018922193 0.43301270189221935 0.5580127018922193
line
-0.24999999999999997 0.649519052838329 0.18301270189221938 0.774519052838329
line
0.43301270189221935 0.5580127018922193 0.18301270189221938 0.774519052838329
line
0.0 0.0 -0.24999999999999997 0.21650635094610973
line
0.0 0.0 0.0 0.4330127018922193
line
-0.24999999999999997 0.21650635094610973 -0.24999999999999997 0.649519052838329
line
0.0 0.4330127018922193 -0.24999999999999997 0.649519052838329
line
-0.24999999999999997 0.21650635094610973 -0.24999999999999997 0.649519052838329
line
-0.24999999999999997 0.21650635094610973 0.18301270189221938 0.3415063509461097
line
-0.24999999999999997 0.649519052838329 0.18301270189221938 0.774519052838329
line
0.18301270189221938 0.3415063509461097 0.18301270189221938 0.774519052838329
line
0.0 0.0 0.0 0.4330127018922193
line
0.0 0.0 0.43301270189221935 0.125
line
0.0 0.4330127018922193 0.43301270189221935 0.5580127018922193
line
0.43301270189221935 0.5580127018922193 0.43301270189221935 0.125
delay
10.0
clrscr
end