line
0.0 0.440926985197606 0.0 0.440926985197606
line
0.0 0.440926985197606 -0.1600674383544659 0.826572638708057
line
0.0 0.440926985197606 0.7645543520302442 0.5731779094618065
line
-0.1600674383544659 0.826572638708057 0.0 0.440926985197606
line
-0.1600674383544659 0.826572638708057 -0.1600674383544659 0.826572638708057
line
-0.1600674383544659 0.826572638708057 0.4049062232565699 0.8936712710942094
line
0.7645543520302442 0.5731779094618065 0.0 0.440926985197606
line
0.7645543520302442 0.5731779094618065 0.7645543520302442 0.5731779094618065
line
0.7645543520302442 0.5731779094618065 0.4049062232565699 0.8936712710942094
line
0.4049062232565699 0.8936712710942094 -0.1600674383544659 0.826572638708057
line
0.4049062232565699 0.8936712710942094 0.7645543520302442 0.5731779094618065
line
0.4049062232565699 0.8936712710942094 0.4049062232565699 0.8936712710942094
line
0.0 0.0 0.0 0.0
line
0.0 0.0 -0.10423798266674103 0.336902456057391
line
0.0 0.0 0.0 0.440926985197606
line
-0.10423798266674103 0.336902456057391 0.0 0.0
line
-0.10423798266674103 0.336902456057391 -0.10423798266674103 0.336902456057391
line
-0.10423798266674103 0.336902456057391 -0.1600674383544659 0.826572638708057
line
0.0 0.440926985197606 0.0 0.0
line
0.0 0.440926985197606 0.0 0.440926985197606
line
0.0 0.440926985197606 -0.1600674383544659 0.826572638708057
line
-0.1600674383544659 0.826572638708057 -0.10423798266674103 0.336902456057391
line
-0.1600674383544659 0.826572638708057 0.0 0.440926985197606
line
-0.1600674383544659 0.826572638708057 -0.1600674383544659 0.826572638708057
line
0.0 0.0 0.0 0.0
line
0.0 0.0 0.0 0.440926985197606
line
0.0 0.0 0.45361205351039563 0.10526104334006409
line
0.0 0.440926985197606 0.0 0.0
line
0.0 0.440926985197606 0.0 0.440926985197606
line
0.0 0.440926985197606 0.7645543520302442 0.5731779094618065
line
0.7645543520302442 0.5731779094618065 0.0 0.440926985197606
line
0.7645543520302442 0.5731779094618065 0.7645543520302442 0.5731779094618065
line
0.7645543520302442 0.5731779094618065 0.45361205351039563 0.10526104334006409
line
0.45361205351039563 0.10526104334006409 0.0 0.0
line
0.45361205351039563 0.10526104334006409 0.7645543520302442 0.5731779094618065
line
0.45361205351039563 0.10526104334006409 0.45361205351039563 0.10526104334006409
delay
10.0
clrscr
end